30
0.794 0.699
0.590 0.753
0.081 0.661
0.339 0.736
0.427 0.569
0.114 0.055
0.974 0.705
0.176 0.975
0.277 0.354
0.472 0.679
0.575 0.797
0.452 0.182
0.660 0.211
0.597 0.144
0.830 0.583
0.025 0.836
0.050 0.830
0.627 0.827
0.181 0.255
0.921 0.317
0.079 0.355
0.921 0.025
0.677 0.745
0.553 0.118
0.134 0.033
0.499 0.689
0.507 0.856
0.140 0.293
0.878 0.765
0.696 0.649
0.590 0.569
0.921 0.661
0.499 0.830
0.050 0.033
0.339 0.055
0.079 0.025
0.974 0.765
0.452 0.736
0.427 0.182
0.277 0.753
0.025 0.293
0.114 0.699
0.134 0.836
0.677 0.679
0.081 0.797
0.507 0.211
0.921 0.827
0.176 0.354
0.794 0.583
0.553 0.317
0.878 0.689
0.830 0.355
0.696 0.975
0.660 0.255
0.140 0.856
0.597 0.144
0.472 0.649
0.627 0.745
0.575 0.118
0.181 0.705
